# Blender v2.65 (sub 0) OBJ File: ''
# www.blender.org
mtllib cubesplosion.mtl
o Cube.969_Cube.004
v 0.198856 0.044922 -0.025652
v 0.098186 0.051312 -0.302965
v -0.114458 0.238968 -0.221448
v -0.013789 0.232579 0.055865
v 0.020739 -0.182722 0.033762
v -0.079931 -0.176332 -0.243551
v -0.292575 0.011324 -0.162034
v -0.191906 0.004934 0.115279
vn 0.720611 -0.635931 -0.276246
vn -0.341148 0.021653 -0.939760
vn -0.720611 0.635931 0.276246
vn 0.341148 -0.021653 0.939760
vn 0.603604 0.771442 -0.201343
vn -0.603604 -0.771442 0.201343
usemtl Red
s off
f 2//1 1//1 5//1
f 2//1 5//1 6//1
f 6//2 7//2 3//2
f 6//2 3//2 2//2
f 7//3 8//3 4//3
f 7//3 4//3 3//3
f 1//4 4//4 8//4
f 1//4 8//4 5//4
f 1//5 2//5 3//5
f 1//5 3//5 4//5
f 8//6 7//6 6//6
f 8//6 6//6 5//6
o Cube.968_Cube.004
v 0.203566 0.036544 -0.068397
v 0.136340 0.130535 0.203124
v -0.046443 -0.098610 0.237191
v 0.020783 -0.192601 -0.034331
v -0.018129 0.196969 -0.178819
v -0.085354 0.290959 0.092703
v -0.268138 0.061814 0.126769
v -0.200912 -0.032176 -0.144753
vn 0.619417 0.776528 -0.115444
vn -0.227815 0.318516 0.920135
vn -0.619417 -0.776528 0.115444
vn 0.227815 -0.318516 -0.920135
vn 0.751281 -0.543648 0.374199
vn -0.751281 0.543648 -0.374199
usemtl Red
s off
f 10//7 9//7 13//7
f 10//7 13//7 14//7
f 14//8 15//8 11//8
f 14//8 11//8 10//8
f 15//9 16//9 12//9
f 15//9 12//9 11//9
f 9//10 12//10 16//10
f 9//10 16//10 13//10
f 9//11 10//11 11//11
f 9//11 11//11 12//11
f 16//12 15//12 14//12
f 16//12 14//12 13//12
o Cube.967_Cube.004
v 0.009925 -0.013416 0.227793
v 0.156102 -0.125984 -0.002508
v 0.255175 0.143339 -0.071264
v 0.108998 0.255906 0.159036
v -0.226495 0.029846 0.056586
v -0.080318 -0.082722 -0.173715
v 0.018756 0.186601 -0.242471
v -0.127421 0.299168 -0.012170
vn -0.335742 -0.912682 0.233001
vn 0.495366 -0.381469 -0.780445
vn 0.335742 0.912682 -0.233001
vn -0.495366 0.381469 0.780445
vn 0.801180 -0.146607 0.580186
vn -0.801180 0.146607 -0.580187
usemtl Red
s off
f 18//13 17//13 21//13
f 18//13 21//13 22//13
f 22//14 23//14 19//14
f 22//14 19//14 18//14
f 23//15 24//15 20//15
f 23//15 20//15 19//15
f 17//16 20//16 24//16
f 17//16 24//16 21//16
f 17//17 18//17 19//17
f 17//17 19//17 20//17
f 24//18 23//18 22//18
f 24//18 22//18 21//18
o Cube.966_Cube.004
v -0.149505 0.221077 0.040129
v -0.067330 -0.030749 0.170163
v 0.175062 0.101858 0.273792
v 0.092887 0.353684 0.143759
v -0.002634 0.143123 -0.203653
v 0.079541 -0.108702 -0.073619
v 0.321933 0.023905 0.030010
v 0.239758 0.275730 -0.100023
vn -0.821419 -0.449380 -0.351181
vn 0.278475 -0.853388 0.440658
vn 0.821419 0.449380 0.351181
vn -0.278475 0.853388 -0.440658
vn -0.497717 0.264170 0.826131
vn 0.497717 -0.264170 -0.826131
usemtl Red
s off
f 26//19 25//19 29//19
f 26//19 29//19 30//19
f 30//20 31//20 27//20
f 30//20 27//20 26//20
f 31//21 32//21 28//21
f 31//21 28//21 27//21
f 25//22 28//22 32//22
f 25//22 32//22 29//22
f 25//23 26//23 27//23
f 25//23 27//23 28//23
f 32//24 31//24 30//24
f 32//24 30//24 29//24
o Cube.965_Cube.004
v -0.143762 -0.018143 -0.245760
v -0.214917 0.111257 0.009720
v -0.100660 0.365473 -0.087217
v -0.029506 0.236073 -0.342698
v 0.118840 -0.093689 -0.134358
v 0.047686 0.035711 0.121122
v 0.161942 0.289928 0.024184
v 0.233097 0.160528 -0.231296
vn -0.387193 -0.861491 0.328504
vn -0.241129 0.438511 0.865774
vn 0.387193 0.861491 -0.328504
vn 0.241129 -0.438511 -0.865774
vn -0.889909 0.256010 -0.377519
vn 0.889909 -0.256010 0.377519
usemtl Red
s off
f 34//25 33//25 37//25
f 34//25 37//25 38//25
f 38//26 39//26 35//26
f 38//26 35//26 34//26
f 39//27 40//27 36//27
f 39//27 36//27 35//27
f 33//28 36//28 40//28
f 33//28 40//28 37//28
f 33//29 34//29 35//29
f 33//29 35//29 36//29
f 40//30 39//30 38//30
f 40//30 38//30 37//30
o Cube.964_Cube.004
v -0.045809 0.070042 -0.218794
v -0.220263 0.006143 0.010466
v -0.268481 0.293992 0.054004
v -0.094027 0.357891 -0.175256
v 0.187254 0.081764 -0.038179
v 0.012800 0.017865 0.191081
v -0.035418 0.305714 0.234619
v 0.139036 0.369613 0.005359
vn 0.163402 -0.975465 -0.147542
vn -0.591192 -0.216543 0.776918
vn -0.163402 0.975465 0.147542
vn 0.591192 0.216543 -0.776918
vn -0.789805 -0.039725 -0.612070
vn 0.789805 0.039725 0.612070
usemtl Red
s off
f 42//31 41//31 45//31
f 42//31 45//31 46//31
f 46//32 47//32 43//32
f 46//32 43//32 42//32
f 47//33 48//33 44//33
f 47//33 44//33 43//33
f 41//34 44//34 48//34
f 41//34 48//34 45//34
f 41//35 42//35 43//35
f 41//35 43//35 44//35
f 48//36 47//36 46//36
f 48//36 46//36 45//36
o Cube.963_Cube.004
v -0.004607 -0.056328 0.049702
v -0.149316 0.147350 0.206711
v -0.139326 0.331826 -0.023390
v 0.005383 0.128147 -0.180399
v 0.252370 0.051196 0.147062
v 0.107661 0.254874 0.304072
v 0.117651 0.439350 0.073971
v 0.262360 0.235672 -0.083039
vn -0.033853 -0.625153 0.779768
vn -0.490391 0.690226 0.532076
vn 0.033853 0.625153 -0.779768
vn 0.490391 -0.690226 -0.532076
vn -0.870845 -0.364379 -0.329935
vn 0.870845 0.364379 0.329935
usemtl Red
s off
f 50//37 49//37 53//37
f 50//37 53//37 54//37
f 54//38 55//38 51//38
f 54//38 51//38 50//38
f 55//39 56//39 52//39
f 55//39 52//39 51//39
f 49//40 52//40 56//40
f 49//40 56//40 53//40
f 49//41 50//41 51//41
f 49//41 51//41 52//41
f 56//42 55//42 54//42
f 56//42 54//42 53//42
o Cube.962_Cube.004
v 0.046265 -0.020944 -0.284169
v 0.050540 0.262714 -0.365392
v 0.265980 0.315217 -0.170696
v 0.261705 0.031559 -0.089473
v -0.155341 0.041176 -0.077835
v -0.151066 0.324834 -0.159059
v 0.064374 0.377337 0.035638
v 0.060099 0.093679 0.116861
vn -0.730084 -0.177922 -0.659789
vn 0.014487 0.961264 -0.275250
vn 0.730083 0.177922 0.659789
vn -0.014487 -0.961264 0.275250
vn 0.683204 -0.210514 -0.699225
vn -0.683204 0.210514 0.699225
usemtl Red
s off
f 58//43 57//43 61//43
f 58//43 61//43 62//43
f 62//44 63//44 59//44
f 62//44 59//44 58//44
f 63//45 64//45 60//45
f 63//45 60//45 59//45
f 57//46 60//46 64//46
f 57//46 64//46 61//46
f 57//47 58//47 59//47
f 57//47 59//47 60//47
f 64//48 63//48 62//48
f 64//48 62//48 61//48
o Cube.961_Cube.004
v 0.283107 0.390275 0.104556
v 0.309307 0.107253 0.025249
v 0.209793 0.173630 -0.244507
v 0.183593 0.456652 -0.165200
v 0.006543 0.339579 0.194108
v 0.032743 0.056557 0.114801
v -0.066772 0.122934 -0.154955
v -0.092972 0.405956 -0.075648
vn 0.337236 -0.224939 0.914152
vn 0.088787 -0.959108 -0.268755
vn -0.337236 0.224939 -0.914152
vn -0.088787 0.959108 0.268755
vn 0.937224 0.171799 -0.303474
vn -0.937224 -0.171799 0.303474
usemtl Red
s off
f 66//49 65//49 69//49
f 66//49 69//49 70//49
f 70//50 71//50 67//50
f 70//50 67//50 66//50
f 71//51 72//51 68//51
f 71//51 68//51 67//51
f 65//52 68//52 72//52
f 65//52 72//52 69//52
f 65//53 66//53 67//53
f 65//53 67//53 68//53
f 72//54 71//54 70//54
f 72//54 70//54 69//54
o Cube.960_Cube.004
v -0.232355 0.338098 -0.077232
v -0.156348 0.065384 -0.160464
v -0.087409 -0.000622 0.118764
v -0.163416 0.272092 0.201996
v 0.044318 0.429464 -0.123942
v 0.120325 0.156750 -0.207174
v 0.189264 0.090744 0.072054
v 0.113257 0.363458 0.155286
vn -0.233619 0.223683 -0.946249
vn 0.257573 -0.924175 -0.282057
vn 0.233619 -0.223683 0.946249
vn -0.257573 0.924175 0.282057
vn -0.937592 -0.309622 0.158291
vn 0.937592 0.309622 -0.158291
usemtl Red
s off
f 74//55 73//55 77//55
f 74//55 77//55 78//55
f 78//56 79//56 75//56
f 78//56 75//56 74//56
f 79//57 80//57 76//57
f 79//57 76//57 75//57
f 73//58 76//58 80//58
f 73//58 80//58 77//58
f 73//59 74//59 75//59
f 73//59 75//59 76//59
f 80//60 79//60 78//60
f 80//60 78//60 77//60
o Cube.959_Cube.004
v -0.193756 0.250509 0.248822
v -0.105413 0.526761 0.194438
v -0.071092 0.459622 -0.090855
v -0.159436 0.183370 -0.036471
v 0.085699 0.171423 0.301051
v 0.174042 0.447675 0.246667
v 0.208363 0.380536 -0.038625
v 0.120019 0.104284 0.015758
vn -0.116305 0.227521 0.966803
vn 0.299380 0.936166 -0.184296
vn 0.116305 -0.227521 -0.966803
vn -0.299380 -0.936166 0.184296
vn -0.947019 0.268007 -0.176996
vn 0.947019 -0.268007 0.176996
usemtl Red
s off
f 82//61 81//61 85//61
f 82//61 85//61 86//61
f 86//62 87//62 83//62
f 86//62 83//62 82//62
f 87//63 88//63 84//63
f 87//63 84//63 83//63
f 81//64 84//64 88//64
f 81//64 88//64 85//64
f 81//65 82//65 83//65
f 81//65 83//65 84//65
f 88//66 87//66 86//66
f 88//66 86//66 85//66
o Cube.958_Cube.004
v 0.338609 0.129093 -0.057506
v 0.272593 0.412389 -0.107132
v 0.206960 0.447123 0.178461
v 0.272976 0.163827 0.228087
v 0.058588 0.054164 -0.112746
v -0.007428 0.337460 -0.162372
v -0.073061 0.372194 0.123221
v -0.007045 0.088898 0.172847
vn 0.222418 -0.117706 -0.967820
vn -0.223715 0.960036 -0.168172
vn -0.222418 0.117706 0.967820
vn 0.223715 -0.960036 0.168173
vn 0.948937 0.253920 0.187197
vn -0.948937 -0.253920 -0.187197
usemtl Red
s off
f 90//67 89//67 93//67
f 90//67 93//67 94//67
f 94//68 95//68 91//68
f 94//68 91//68 90//68
f 95//69 96//69 92//69
f 95//69 92//69 91//69
f 89//70 92//70 96//70
f 89//70 96//70 93//70
f 89//71 90//71 91//71
f 89//71 91//71 92//71
f 96//72 95//72 94//72
f 96//72 94//72 93//72
o Cube.957_Cube.004
v -0.065101 0.325820 0.140760
v -0.082151 0.061095 0.011501
v 0.123665 0.143027 -0.183446
v 0.140715 0.407752 -0.054187
v -0.275877 0.427238 -0.039144
v -0.292927 0.162514 -0.168403
v -0.087111 0.244446 -0.363350
v -0.070061 0.509170 -0.234091
vn -0.697472 -0.277652 0.660638
vn -0.057780 -0.897100 -0.438033
vn 0.697472 0.277652 -0.660638
vn 0.057780 0.897100 0.438033
vn 0.714279 -0.343687 0.609659
vn -0.714279 0.343687 -0.609659
usemtl Red
s off
f 98//73 97//73 101//73
f 98//73 101//73 102//73
f 102//74 103//74 99//74
f 102//74 99//74 98//74
f 103//75 104//75 100//75
f 103//75 100//75 99//75
f 97//76 100//76 104//76
f 97//76 104//76 101//76
f 97//77 98//77 99//77
f 97//77 99//77 100//77
f 104//78 103//78 102//78
f 104//78 102//78 101//78
o Cube.956_Cube.004
v -0.153200 0.388858 -0.152194
v -0.102353 0.190950 0.060702
v 0.015942 0.402460 0.229069
v -0.034905 0.600368 0.016174
v 0.112316 0.332525 -0.267976
v 0.163163 0.134617 -0.055081
v 0.281457 0.346126 0.113286
v 0.230610 0.544035 -0.099609
vn -0.400878 -0.716766 -0.570565
vn 0.172311 -0.670674 0.721461
vn 0.400878 0.716766 0.570565
vn -0.172311 0.670674 -0.721461
vn -0.899781 0.190903 0.392365
vn 0.899781 -0.190903 -0.392365
usemtl Red
s off
f 106//79 105//79 109//79
f 106//79 109//79 110//79
f 110//80 111//80 107//80
f 110//80 107//80 106//80
f 111//81 112//81 108//81
f 111//81 108//81 107//81
f 105//82 108//82 112//82
f 105//82 112//82 109//82
f 105//83 106//83 107//83
f 105//83 107//83 108//83
f 112//84 111//84 110//84
f 112//84 110//84 109//84
o Cube.955_Cube.004
v -0.236064 0.116810 -0.243825
v -0.223187 0.196126 0.040113
v -0.244638 0.479833 -0.038165
v -0.257515 0.400518 -0.322103
v 0.057963 0.134035 -0.261971
v 0.070840 0.213351 0.021967
v 0.049388 0.497058 -0.056311
v 0.036511 0.417743 -0.340249
vn 0.072695 -0.961430 0.265270
vn 0.043639 0.268785 0.962211
vn -0.072695 0.961430 -0.265270
vn -0.043639 -0.268785 -0.962211
vn -0.996399 -0.058372 0.061494
vn 0.996399 0.058372 -0.061494
usemtl Red
s off
f 114//85 113//85 117//85
f 114//85 117//85 118//85
f 118//86 119//86 115//86
f 118//86 115//86 114//86
f 119//87 120//87 116//87
f 119//87 116//87 115//87
f 113//88 116//88 120//88
f 113//88 120//88 117//88
f 113//89 114//89 115//89
f 113//89 115//89 116//89
f 120//90 119//90 118//90
f 120//90 118//90 117//90
o Cube.954_Cube.004
v -0.155984 0.348186 -0.120863
v -0.177176 0.303568 0.170062
v -0.124492 0.589961 0.217823
v -0.103300 0.634579 -0.073102
v 0.133590 0.292816 -0.108262
v 0.112398 0.248198 0.182664
v 0.165081 0.534590 0.230425
v 0.186273 0.579209 -0.060501
vn -0.178535 -0.970530 -0.161853
vn -0.071815 -0.151203 0.985891
vn 0.178535 0.970530 0.161853
vn 0.071815 0.151203 -0.985891
vn -0.981309 0.187640 -0.042704
vn 0.981309 -0.187640 0.042704
usemtl Red
s off
f 122//91 121//91 125//91
f 122//91 125//91 126//91
f 126//92 127//92 123//92
f 126//92 123//92 122//92
f 127//93 128//93 124//93
f 127//93 124//93 123//93
f 121//94 124//94 128//94
f 121//94 128//94 125//94
f 121//95 122//95 123//95
f 121//95 123//95 124//95
f 128//96 127//96 126//96
f 128//96 126//96 125//96
o Cube.953_Cube.004
v -0.216480 0.152561 -0.225209
v -0.299502 0.434913 -0.203710
v -0.027194 0.520665 -0.278361
v 0.055828 0.238313 -0.299860
v -0.138803 0.153724 0.059470
v -0.221825 0.436076 0.080970
v 0.050482 0.521829 0.006319
v 0.133504 0.239477 -0.015180
vn -0.922797 -0.290598 0.252978
vn -0.281345 0.956837 0.072856
vn 0.922797 0.290599 -0.252978
vn 0.281345 -0.956837 -0.072856
vn -0.263230 -0.003942 -0.964725
vn 0.263230 0.003942 0.964725
usemtl Red
s off
f 130//97 129//97 133//97
f 130//97 133//97 134//97
f 134//98 135//98 131//98
f 134//98 131//98 130//98
f 135//99 136//99 132//99
f 135//99 132//99 131//99
f 129//100 132//100 136//100
f 129//100 136//100 133//100
f 129//101 130//101 131//101
f 129//101 131//101 132//101
f 136//102 135//102 134//102
f 136//102 134//102 133//102
o Cube.952_Cube.004
v 0.224559 0.287484 0.146543
v 0.173629 0.333735 -0.140414
v 0.227783 0.621473 -0.103648
v 0.278712 0.575222 0.183309
v -0.061013 0.333800 0.204692
v -0.111943 0.380051 -0.082265
v -0.057789 0.667789 -0.045500
v -0.006859 0.621538 0.241458
vn -0.183516 -0.975089 -0.124592
vn -0.172591 0.156737 -0.972443
vn 0.183516 0.975089 0.124592
vn 0.172591 -0.156737 0.972443
vn 0.967747 -0.156956 -0.197055
vn -0.967747 0.156956 0.197055
usemtl Red
s off
f 138//103 137//103 141//103
f 138//103 141//103 142//103
f 142//104 143//104 139//104
f 142//104 139//104 138//104
f 143//105 144//105 140//105
f 143//105 140//105 139//105
f 137//106 140//106 144//106
f 137//106 144//106 141//106
f 137//107 138//107 139//107
f 137//107 139//107 140//107
f 144//108 143//108 142//108
f 144//108 142//108 141//108
o Cube.951_Cube.004
v -0.124288 0.423533 0.061266
v -0.047479 0.150612 -0.020540
v 0.236907 0.229220 -0.015777
v 0.160098 0.502140 0.066029
v -0.141675 0.503611 -0.222217
v -0.064867 0.230690 -0.304023
v 0.219520 0.309298 -0.299260
v 0.142711 0.582219 -0.217454
vn -0.963731 -0.266387 -0.016139
vn 0.260290 -0.924876 -0.277224
vn 0.963731 0.266387 0.016139
vn -0.260289 0.924876 0.277224
vn 0.058922 -0.271370 0.960670
vn -0.058922 0.271370 -0.960670
usemtl Red
s off
f 146//109 145//109 149//109
f 146//109 149//109 150//109
f 150//110 151//110 147//110
f 150//110 147//110 146//110
f 151//111 152//111 148//111
f 151//111 148//111 147//111
f 145//112 148//112 152//112
f 145//112 152//112 149//112
f 145//113 146//113 147//113
f 145//113 147//113 148//113
f 152//114 151//114 150//114
f 152//114 150//114 149//114
o Cube.950_Cube.004
v -0.307706 0.394695 -0.058498
v -0.155621 0.313255 0.180908
v -0.152892 0.593134 0.274383
v -0.304977 0.674575 0.034977
v -0.054842 0.440657 -0.203497
v 0.097243 0.359217 0.035908
v 0.099972 0.639096 0.129384
v -0.052113 0.720537 -0.110022
vn -0.009248 -0.948458 -0.316769
vn 0.515387 -0.275986 0.811300
vn 0.009248 0.948458 0.316769
vn -0.515387 0.275986 -0.811300
vn -0.856907 -0.155756 0.491375
vn 0.856907 0.155756 -0.491375
usemtl Red
s off
f 154//115 153//115 157//115
f 154//115 157//115 158//115
f 158//116 159//116 155//116
f 158//116 155//116 154//116
f 159//117 160//117 156//117
f 159//117 156//117 155//117
f 153//118 156//118 160//118
f 153//118 160//118 157//118
f 153//119 154//119 155//119
f 153//119 155//119 156//119
f 160//120 159//120 158//120
f 160//120 158//120 157//120
o Cube.949_Cube.004
v -0.075341 0.379508 -0.083055
v -0.022466 0.443992 0.200006
v 0.108249 0.695607 0.118269
v 0.055373 0.631123 -0.164792
v 0.183879 0.239475 -0.099577
v 0.236755 0.303959 0.183484
v 0.367470 0.555574 0.101747
v 0.314594 0.491091 -0.181314
vn -0.442967 -0.852675 0.276993
vn 0.179185 0.218522 0.959240
vn 0.442967 0.852675 -0.276992
vn -0.179186 -0.218522 -0.959239
vn -0.878449 0.474545 0.055989
vn 0.878449 -0.474545 -0.055989
usemtl Red
s off
f 162//121 161//121 165//121
f 162//121 165//121 166//121
f 166//122 167//122 163//122
f 166//122 163//122 162//122
f 167//123 168//123 164//123
f 167//123 164//123 163//123
f 161//124 164//124 168//124
f 161//124 168//124 165//124
f 161//125 162//125 163//125
f 161//125 163//125 164//125
f 168//126 167//126 166//126
f 168//126 166//126 165//126
o Cube.948_Cube.004
v -0.091322 0.331134 -0.278972
v -0.218530 0.255595 -0.023650
v -0.212686 0.537700 0.062724
v -0.085478 0.613239 -0.192598
v 0.174877 0.288844 -0.158857
v 0.047668 0.213305 0.096465
v 0.053512 0.495409 0.182839
v 0.180720 0.570948 -0.072483
vn -0.019803 -0.955998 -0.292705
vn -0.431084 -0.255986 0.865238
vn 0.019803 0.955998 0.292705
vn 0.431084 0.255986 -0.865238
vn -0.902094 0.143314 -0.407047
vn 0.902094 -0.143314 0.407047
usemtl Red
s off
f 170//127 169//127 173//127
f 170//127 173//127 174//127
f 174//128 175//128 171//128
f 174//128 171//128 170//128
f 175//129 176//129 172//129
f 175//129 172//129 171//129
f 169//130 172//130 176//130
f 169//130 176//130 173//130
f 169//131 170//131 171//131
f 169//131 171//131 172//131
f 176//132 175//132 174//132
f 176//132 174//132 173//132
o Cube.947_Cube.004
v -0.100013 0.365190 -0.072699
v -0.225086 0.524619 0.141817
v -0.238512 0.757414 -0.039025
v -0.113439 0.597986 -0.253540
v 0.166921 0.451600 0.018717
v 0.041848 0.611028 0.233233
v 0.028422 0.843823 0.052391
v 0.153495 0.684395 -0.162125
vn 0.045499 -0.788898 0.612838
vn -0.423848 0.540272 0.726952
vn -0.045499 0.788898 -0.612838
vn 0.423848 -0.540272 -0.726952
vn -0.904590 -0.292825 -0.309791
vn 0.904590 0.292825 0.309791
usemtl Red
s off
f 178//133 177//133 181//133
f 178//133 181//133 182//133
f 182//134 183//134 179//134
f 182//134 179//134 178//134
f 183//135 184//135 180//135
f 183//135 180//135 179//135
f 177//136 180//136 184//136
f 177//136 184//136 181//136
f 177//137 178//137 179//137
f 177//137 179//137 180//137
f 184//138 183//138 182//138
f 184//138 182//138 181//138
o Cube.946_Cube.004
v -0.249746 0.379519 -0.296466
v -0.330671 0.290487 -0.027018
v -0.346278 0.571649 0.061197
v -0.265354 0.660681 -0.208251
v 0.033600 0.369578 -0.214652
v -0.047324 0.280546 0.054796
v -0.062931 0.561708 0.143011
v 0.017993 0.650740 -0.126437
vn 0.052889 -0.952804 -0.298943
vn -0.274237 -0.301711 0.913107
vn -0.052889 0.952804 0.298943
vn 0.274237 0.301711 -0.913107
vn -0.960207 0.033687 -0.277252
vn 0.960207 -0.033688 0.277252
usemtl Red
s off
f 186//139 185//139 189//139
f 186//139 189//139 190//139
f 190//140 191//140 187//140
f 190//140 187//140 186//140
f 191//141 192//141 188//141
f 191//141 188//141 187//141
f 185//142 188//142 192//142
f 185//142 192//142 189//142
f 185//143 186//143 187//143
f 185//143 187//143 188//143
f 192//144 191//144 190//144
f 192//144 190//144 189//144
o Cube.945_Cube.004
v -0.111932 0.361017 0.001867
v -0.213166 0.624784 0.087050
v -0.040137 0.755768 -0.112905
v 0.061097 0.492001 -0.198088
v 0.104610 0.379666 0.201465
v 0.003376 0.643433 0.286648
v 0.176405 0.774417 0.086693
v 0.277639 0.510650 0.001510
vn -0.586361 -0.443878 0.677609
vn -0.343062 0.893856 0.288669
vn 0.586361 0.443878 -0.677609
vn 0.343062 -0.893856 -0.288669
vn -0.733818 -0.063198 -0.676400
vn 0.733818 0.063198 0.676400
usemtl Red
s off
f 194//145 193//145 197//145
f 194//145 197//145 198//145
f 198//146 199//146 195//146
f 198//146 195//146 194//146
f 199//147 200//147 196//147
f 199//147 196//147 195//147
f 193//148 196//148 200//148
f 193//148 200//148 197//148
f 193//149 194//149 195//149
f 193//149 195//149 196//149
f 200//150 199//150 198//150
f 200//150 198//150 197//150
o Cube.944_Cube.004
v -0.028318 0.108551 -0.106225
v -0.096595 0.309558 -0.311194
v 0.015697 0.522157 -0.140110
v 0.083974 0.321151 0.064859
v -0.292527 0.146965 0.019456
v -0.360804 0.347971 -0.185513
v -0.248511 0.560570 -0.014429
v -0.180234 0.359564 0.190540
vn -0.380537 -0.720458 -0.579769
vn -0.231378 0.681171 -0.694601
vn 0.380537 0.720458 0.579769
vn 0.231378 -0.681171 0.694601
vn 0.895353 -0.130176 -0.425909
vn -0.895353 0.130176 0.425909
usemtl Red
s off
f 202//151 201//151 205//151
f 202//151 205//151 206//151
f 206//152 207//152 203//152
f 206//152 203//152 202//152
f 207//153 208//153 204//153
f 207//153 204//153 203//153
f 201//154 204//154 208//154
f 201//154 208//154 205//154
f 201//155 202//155 203//155
f 201//155 203//155 204//155
f 208//156 207//156 206//156
f 208//156 206//156 205//156
o Cube.943_Cube.004
v -0.083453 0.291359 0.273215
v 0.071525 0.126385 0.083893
v 0.307014 0.299121 0.126142
v 0.152035 0.464095 0.315464
v -0.170657 0.464631 0.050841
v -0.015678 0.299657 -0.138480
v 0.219810 0.472393 -0.096231
v 0.064832 0.637367 0.093090
vn -0.798025 -0.585370 -0.143174
vn 0.525193 -0.559066 -0.641575
vn 0.798025 0.585370 0.143174
vn -0.525193 0.559066 0.641575
vn 0.295515 -0.587187 0.753580
vn -0.295515 0.587187 -0.753580
usemtl Red
s off
f 210//157 209//157 213//157
f 210//157 213//157 214//157
f 214//158 215//158 211//158
f 214//158 211//158 210//158
f 215//159 216//159 212//159
f 215//159 212//159 211//159
f 209//160 212//160 216//160
f 209//160 216//160 213//160
f 209//161 210//161 211//161
f 209//161 211//161 212//161
f 216//162 215//162 214//162
f 216//162 214//162 213//162
o Cube.942_Cube.004
v -0.223527 0.419325 -0.078269
v -0.088723 0.443044 0.183155
v 0.160443 0.523950 0.047331
v 0.025638 0.500231 -0.214093
v -0.140934 0.136537 -0.095201
v -0.006130 0.160256 0.166223
v 0.243036 0.241162 0.030399
v 0.108232 0.217443 -0.231025
vn -0.844375 -0.274174 0.460282
vn 0.456827 0.080380 0.885917
vn 0.844375 0.274174 -0.460282
vn -0.456827 -0.080380 -0.885917
vn -0.279892 0.958315 0.057380
vn 0.279892 -0.958315 -0.057380
usemtl Red
s off
f 218//163 217//163 221//163
f 218//163 221//163 222//163
f 222//164 223//164 219//164
f 222//164 219//164 218//164
f 223//165 224//165 220//165
f 223//165 220//165 219//165
f 217//166 220//166 224//166
f 217//166 224//166 221//166
f 217//167 218//167 219//167
f 217//167 219//167 220//167
f 224//168 223//168 222//168
f 224//168 222//168 221//168
o Cube.941_Cube.004
v 0.080269 0.413913 -0.266620
v -0.197133 0.370244 -0.175962
v -0.193098 0.631058 -0.037986
v 0.084304 0.674726 -0.128643
v 0.180815 0.282967 -0.022036
v -0.096587 0.239298 0.068622
v -0.092552 0.500112 0.206598
v 0.184850 0.543780 0.115941
vn -0.013673 -0.883847 -0.467576
vn -0.940062 -0.147984 0.307220
vn 0.013673 0.883847 0.467576
vn 0.940062 0.147984 -0.307220
vn -0.340729 0.443751 -0.828848
vn 0.340729 -0.443751 0.828848
usemtl Red
s off
f 226//169 225//169 229//169
f 226//169 229//169 230//169
f 230//170 231//170 227//170
f 230//170 227//170 226//170
f 231//171 232//171 228//171
f 231//171 228//171 227//171
f 225//172 228//172 232//172
f 225//172 232//172 229//172
f 225//173 226//173 227//173
f 225//173 227//173 228//173
f 232//174 231//174 230//174
f 232//174 230//174 229//174
o Cube.940_Cube.004
v 0.160512 0.189167 0.023417
v -0.046854 0.246153 0.225480
v -0.229196 0.338037 0.012439
v -0.021830 0.281050 -0.189624
v 0.264571 0.463735 0.052772
v 0.057205 0.520721 0.254835
v -0.125137 0.612604 0.041794
v 0.082228 0.555618 -0.160269
vn 0.617923 -0.311374 0.721954
vn -0.702723 0.193116 0.684753
vn -0.617923 0.311374 -0.721954
vn 0.702723 -0.193116 -0.684753
vn -0.352636 -0.930458 -0.099479
vn 0.352636 0.930458 0.099479
usemtl Red
s off
f 234//175 233//175 237//175
f 234//175 237//175 238//175
f 238//176 239//176 235//176
f 238//176 235//176 234//176
f 239//177 240//177 236//177
f 239//177 236//177 235//177
f 233//178 236//178 240//178
f 233//178 240//178 237//178
f 233//179 234//179 235//179
f 233//179 235//179 236//179
f 240//180 239//180 238//180
f 240//180 238//180 237//180
o Cube.939_Cube.004
v -0.311008 0.407456 -0.103205
v -0.141114 0.580743 0.064681
v 0.078956 0.553620 -0.130026
v -0.090937 0.380334 -0.297912
v -0.212100 0.170151 0.041644
v -0.042207 0.343438 0.209530
v 0.177864 0.316315 0.014822
v 0.007971 0.143029 -0.153063
vn -0.745777 0.091913 0.659825
vn 0.575735 0.587235 0.568932
vn 0.745777 -0.091913 -0.659825
vn -0.575736 -0.587235 -0.568932
vn -0.335180 0.804181 -0.490864
vn 0.335180 -0.804181 0.490864
usemtl Red
s off
f 242//181 241//181 245//181
f 242//181 245//181 246//181
f 246//182 247//182 243//182
f 246//182 243//182 242//182
f 247//183 248//183 244//183
f 247//183 244//183 243//183
f 241//184 244//184 248//184
f 241//184 248//184 245//184
f 241//185 242//185 243//185
f 241//185 243//185 244//185
f 248//186 247//186 246//186
f 248//186 246//186 245//186
o Cube.938_Cube.004
v -0.052111 0.449735 -0.127635
v 0.138000 0.234699 -0.059117
v 0.032276 0.228995 0.216324
v -0.157835 0.444031 0.147806
v 0.147283 0.651736 -0.046917
v 0.337394 0.436700 0.021601
v 0.231670 0.430996 0.297042
v 0.041559 0.646032 0.228524
vn 0.358278 0.019330 -0.933415
vn 0.644249 -0.728717 0.232194
vn -0.358278 -0.019330 0.933415
vn -0.644249 0.728717 -0.232194
vn -0.675707 -0.684542 -0.273537
vn 0.675707 0.684542 0.273537
usemtl Red
s off
f 250//187 249//187 253//187
f 250//187 253//187 254//187
f 254//188 255//188 251//188
f 254//188 251//188 250//188
f 255//189 256//189 252//189
f 255//189 252//189 251//189
f 249//190 252//190 256//190
f 249//190 256//190 253//190
f 249//191 250//191 251//191
f 249//191 251//191 252//191
f 256//192 255//192 254//192
f 256//192 254//192 253//192
o Cube.937_Cube.004
v -0.282930 0.324689 0.197557
v -0.071069 0.525226 0.242027
v -0.189587 0.696747 0.033194
v -0.401448 0.496211 -0.011276
v -0.115163 0.192617 -0.006130
v 0.096698 0.393153 0.038340
v -0.021820 0.564674 -0.170494
v -0.233681 0.364138 -0.214964
vn 0.401635 -0.581253 0.707697
vn 0.717957 0.679579 0.150701
vn -0.401635 0.581253 -0.707696
vn -0.717957 -0.679579 -0.150701
vn -0.568531 0.447569 0.690257
vn 0.568531 -0.447569 -0.690257
usemtl Red
s off
f 258//193 257//193 261//193
f 258//193 261//193 262//193
f 262//194 263//194 259//194
f 262//194 259//194 258//194
f 263//195 264//195 260//195
f 263//195 260//195 259//195
f 257//196 260//196 264//196
f 257//196 264//196 261//196
f 257//197 258//197 259//197
f 257//197 259//197 260//197
f 264//198 263//198 262//198
f 264//198 262//198 261//198
o Cube.936_Cube.004
v -0.221842 0.691503 -0.090535
v -0.296313 0.444168 0.052142
v -0.113896 0.516393 0.272562
v -0.039425 0.763729 0.129885
v -0.002170 0.547676 -0.225204
v -0.076642 0.300341 -0.082527
v 0.105775 0.372567 0.137893
v 0.180247 0.619902 -0.004784
vn -0.618175 -0.244760 -0.746962
vn -0.252370 -0.838172 0.483505
vn 0.618175 0.244760 0.746962
vn 0.252370 0.838172 -0.483505
vn -0.744425 0.487402 0.456367
vn 0.744425 -0.487402 -0.456367
usemtl Red
s off
f 266//199 265//199 269//199
f 266//199 269//199 270//199
f 270//200 271//200 267//200
f 270//200 267//200 266//200
f 271//201 272//201 268//201
f 271//201 268//201 267//201
f 265//202 268//202 272//202
f 265//202 272//202 269//202
f 265//203 266//203 267//203
f 265//203 267//203 268//203
f 272//204 271//204 270//204
f 272//204 270//204 269//204
o Cube.935_Cube.004
v -0.197053 0.295880 -0.000896
v -0.111421 0.511394 -0.183375
v 0.170948 0.443659 -0.130864
v 0.085316 0.228145 0.051614
v -0.193517 0.485731 0.224984
v -0.107885 0.701244 0.042505
v 0.174484 0.633510 0.095015
v 0.088852 0.417996 0.277494
vn -0.956894 0.229540 -0.177947
vn 0.290190 0.730335 -0.618385
vn 0.956894 -0.229540 0.177947
vn -0.290190 -0.730335 0.618385
vn -0.011983 -0.643368 -0.765464
vn 0.011983 0.643368 0.765464
usemtl Red
s off
f 274//205 273//205 277//205
f 274//205 277//205 278//205
f 278//206 279//206 275//206
f 278//206 275//206 274//206
f 279//207 280//207 276//207
f 279//207 276//207 275//207
f 273//208 276//208 280//208
f 273//208 280//208 277//208
f 273//209 274//209 275//209
f 273//209 275//209 276//209
f 280//210 279//210 278//210
f 280//210 278//210 277//210
o Cube.934_Cube.004
v 0.058190 0.661745 0.131688
v 0.213256 0.486310 -0.047907
v -0.014577 0.476658 -0.235194
v -0.169643 0.652093 -0.055599
v -0.047280 0.424666 0.272211
v 0.107786 0.249231 0.092615
v -0.120047 0.239578 -0.094671
v -0.275114 0.415013 0.084924
vn 0.772083 0.032712 0.634679
vn 0.525490 -0.594516 -0.608614
vn -0.772083 -0.032712 -0.634679
vn -0.525490 0.594516 0.608614
vn 0.357418 0.803418 -0.476205
vn -0.357418 -0.803418 0.476205
usemtl Red
s off
f 282//211 281//211 285//211
f 282//211 285//211 286//211
f 286//212 287//212 283//212
f 286//212 283//212 282//212
f 287//213 288//213 284//213
f 287//213 284//213 283//213
f 281//214 284//214 288//214
f 281//214 288//214 285//214
f 281//215 282//215 283//215
f 281//215 283//215 284//215
f 288//216 287//216 286//216
f 288//216 286//216 285//216
o Cube.933_Cube.004
v 0.057021 0.741605 0.084485
v -0.150746 0.601924 -0.071717
v -0.143422 0.377250 0.119451
v 0.064345 0.516931 0.275654
v 0.266441 0.610883 -0.077171
v 0.058673 0.471202 -0.233374
v 0.065997 0.246528 -0.042205
v 0.273765 0.386209 0.113997
vn -0.024820 0.761377 -0.647834
vn -0.704085 -0.473353 -0.529340
vn 0.024820 -0.761377 0.647834
vn 0.704085 0.473353 0.529340
vn -0.709682 0.442992 0.547823
vn 0.709682 -0.442992 -0.547823
usemtl Red
s off
f 290//217 289//217 293//217
f 290//217 293//217 294//217
f 294//218 295//218 291//218
f 294//218 291//218 290//218
f 295//219 296//219 292//219
f 295//219 292//219 291//219
f 289//220 292//220 296//220
f 289//220 296//220 293//220
f 289//221 290//221 291//221
f 289//221 291//221 292//221
f 296//222 295//222 294//222
f 296//222 294//222 293//222
o Cube.932_Cube.004
v 0.081443 0.337434 0.017713
v -0.111429 0.557623 0.055052
v -0.224396 0.503996 -0.212231
v -0.031524 0.283807 -0.249570
v 0.274099 0.526426 -0.101632
v 0.081226 0.746616 -0.064293
v -0.031741 0.692989 -0.331576
v 0.161132 0.472799 -0.368915
vn 0.382824 0.181732 0.905770
vn -0.653608 0.746180 0.126536
vn -0.382824 -0.181732 -0.905770
vn 0.653608 -0.746180 -0.126536
vn -0.652872 -0.640460 0.404438
vn 0.652872 0.640460 -0.404438
usemtl Red
s off
f 298//223 297//223 301//223
f 298//223 301//223 302//223
f 302//224 303//224 299//224
f 302//224 299//224 298//224
f 303//225 304//225 300//225
f 303//225 300//225 299//225
f 297//226 300//226 304//226
f 297//226 304//226 301//226
f 297//227 298//227 299//227
f 297//227 299//227 300//227
f 304//228 303//228 302//228
f 304//228 302//228 301//228
o Cube.931_Cube.004
v -0.263811 0.755642 -0.133637
v -0.104147 0.512051 -0.181051
v 0.031364 0.550397 0.078263
v -0.128300 0.793988 0.125678
v -0.055912 0.917723 -0.266246
v 0.103752 0.674132 -0.313661
v 0.239262 0.712478 -0.054346
v 0.079598 0.956069 -0.006932
vn -0.459218 -0.129948 -0.878767
vn 0.541071 -0.825485 -0.160679
vn 0.459218 0.129948 0.878767
vn -0.541071 0.825485 0.160679
vn -0.704529 -0.549262 0.449388
vn 0.704529 0.549262 -0.449388
usemtl Red
s off
f 306//229 305//229 309//229
f 306//229 309//229 310//229
f 310//230 311//230 307//230
f 310//230 307//230 306//230
f 311//231 312//231 308//231
f 311//231 308//231 307//231
f 305//232 308//232 312//232
f 305//232 312//232 309//232
f 305//233 306//233 307//233
f 305//233 307//233 308//233
f 312//234 311//234 310//234
f 312//234 310//234 309//234
o Cube.930_Cube.004
v -0.362236 0.667740 -0.158961
v -0.128190 0.820898 -0.252996
v 0.044312 0.586135 -0.206017
v -0.189734 0.432977 -0.111982
v -0.311808 0.759971 0.116770
v -0.077762 0.913129 0.022736
v 0.094740 0.678366 0.069715
v -0.139306 0.525208 0.163749
vn -0.584576 0.795566 -0.159203
vn 0.793138 0.519023 -0.318666
vn 0.584576 -0.795566 0.159203
vn -0.793138 -0.519023 0.318666
vn -0.170890 -0.312554 -0.934402
vn 0.170890 0.312554 0.934402
usemtl Red
s off
f 314//235 313//235 317//235
f 314//235 317//235 318//235
f 318//236 319//236 315//236
f 318//236 315//236 314//236
f 319//237 320//237 316//237
f 319//237 316//237 315//237
f 313//238 316//238 320//238
f 313//238 320//238 317//238
f 313//239 314//239 315//239
f 313//239 315//239 316//239
f 320//240 319//240 318//240
f 320//240 318//240 317//240
o Cube.929_Cube.004
v 0.102757 0.859144 0.076283
v 0.227455 0.669936 -0.112736
v -0.016680 0.504247 -0.107940
v -0.141378 0.693455 0.081079
v 0.211964 0.704791 0.302836
v 0.336662 0.515583 0.113817
v 0.092528 0.349894 0.118613
v -0.032171 0.539101 0.307632
vn 0.827325 0.561488 -0.016253
vn 0.422578 -0.641189 -0.640550
vn -0.827325 -0.561488 0.016253
vn -0.422578 0.641189 0.640550
vn -0.370082 0.523075 -0.767745
vn 0.370082 -0.523075 0.767745
usemtl Red
s off
f 322//241 321//241 325//241
f 322//241 325//241 326//241
f 326//242 327//242 323//242
f 326//242 323//242 322//242
f 327//243 328//243 324//243
f 327//243 324//243 323//243
f 321//244 324//244 328//244
f 321//244 328//244 325//244
f 321//245 322//245 323//245
f 321//245 323//245 324//245
f 328//246 327//246 326//246
f 328//246 326//246 325//246
o Cube.928_Cube.004
v -0.067780 0.670458 0.231955
v -0.160583 0.659570 -0.047949
v -0.223039 0.372932 -0.016092
v -0.130237 0.383820 0.263813
v 0.205285 0.601197 0.144115
v 0.112482 0.590309 -0.135790
v 0.050026 0.303670 -0.103932
v 0.142828 0.314558 0.175972
vn 0.211653 0.971364 -0.107959
vn -0.314490 -0.036897 -0.948543
vn -0.211653 -0.971364 0.107958
vn 0.314490 0.036897 0.948544
vn -0.925364 0.234714 0.297675
vn 0.925364 -0.234714 -0.297675
usemtl Red
s off
f 330//247 329//247 333//247
f 330//247 333//247 334//247
f 334//248 335//248 331//248
f 334//248 331//248 330//248
f 335//249 336//249 332//249
f 335//249 332//249 331//249
f 329//250 332//250 336//250
f 329//250 336//250 333//250
f 329//251 330//251 331//251
f 329//251 331//251 332//251
f 336//252 335//252 334//252
f 336//252 334//252 333//252
o Cube.927_Cube.004
v 0.045814 0.486778 0.038583
v 0.020321 0.754240 0.160613
v -0.272644 0.720929 0.172422
v -0.247151 0.453466 0.050391
v 0.021335 0.606910 -0.229832
v -0.004158 0.874372 -0.107802
v -0.297122 0.841061 -0.095993
v -0.271630 0.573598 -0.218024
vn 0.992802 0.112886 -0.040017
vn -0.086391 0.906379 0.413537
vn -0.992802 -0.112886 0.040017
vn 0.086391 -0.906379 -0.413538
vn 0.082953 -0.407104 0.909607
vn -0.082953 0.407104 -0.909607
usemtl Red
s off
f 338//253 337//253 341//253
f 338//253 341//253 342//253
f 342//254 343//254 339//254
f 342//254 339//254 338//254
f 343//255 344//255 340//255
f 343//255 340//255 339//255
f 337//256 340//256 344//256
f 337//256 344//256 341//256
f 337//257 338//257 339//257
f 337//257 339//257 340//257
f 344//258 343//258 342//258
f 344//258 342//258 341//258
o Cube.926_Cube.004
v 0.200929 0.895092 -0.056275
v 0.246613 0.760915 0.202543
v 0.322504 0.513443 0.060853
v 0.276819 0.647621 -0.197965
v -0.080552 0.806594 -0.052469
v -0.034867 0.672416 0.206349
v 0.041023 0.424945 0.064658
v -0.004662 0.559122 -0.194160
vn -0.257177 0.838633 0.480161
vn 0.154818 -0.454701 0.877085
vn 0.257177 -0.838633 -0.480161
vn -0.154818 0.454701 -0.877085
vn 0.953882 0.299904 -0.012896
vn -0.953882 -0.299904 0.012896
usemtl Red
s off
f 346//259 345//259 349//259
f 346//259 349//259 350//259
f 350//260 351//260 347//260
f 350//260 347//260 346//260
f 351//261 352//261 348//261
f 351//261 348//261 347//261
f 345//262 348//262 352//262
f 345//262 352//262 349//262
f 345//263 346//263 347//263
f 345//263 347//263 348//263
f 352//264 351//264 350//264
f 352//264 350//264 349//264
o Cube.925_Cube.004
v 0.159475 0.540175 -0.189816
v -0.049688 0.508983 -0.395620
v -0.173310 0.762329 -0.308379
v 0.035853 0.793521 -0.102574
v -0.007995 0.392120 0.002827
v -0.217158 0.360928 -0.202978
v -0.340780 0.614274 -0.115736
v -0.131617 0.645466 0.090068
vn 0.418930 -0.858541 -0.295645
vn -0.708813 -0.105704 -0.697432
vn -0.418930 0.858541 0.295645
vn 0.708813 0.105704 0.697432
vn 0.567523 0.501731 -0.652828
vn -0.567523 -0.501731 0.652827
usemtl Red
s off
f 354//265 353//265 357//265
f 354//265 357//265 358//265
f 358//266 359//266 355//266
f 358//266 355//266 354//266
f 359//267 360//267 356//267
f 359//267 356//267 355//267
f 353//268 356//268 360//268
f 353//268 360//268 357//268
f 353//269 354//269 355//269
f 353//269 355//269 356//269
f 360//270 359//270 358//270
f 360//270 358//270 357//270
o Cube.924_Cube.004
v 0.305652 0.805727 -0.127751
v 0.305921 0.876317 0.158770
v 0.060154 0.717783 0.198058
v 0.059886 0.647193 -0.088464
v 0.142323 1.044394 -0.186398
v 0.142592 1.114983 0.100123
v -0.103175 0.956450 0.139411
v -0.103443 0.885860 -0.147110
vn 0.832855 0.537240 -0.133139
vn 0.000910 0.239215 0.970966
vn -0.832855 -0.537240 0.133139
vn -0.000910 -0.239215 -0.970966
vn 0.553491 -0.808795 0.198742
vn -0.553491 0.808795 -0.198742
usemtl Red
s off
f 362//271 361//271 365//271
f 362//271 365//271 366//271
f 366//272 367//272 363//272
f 366//272 363//272 362//272
f 367//273 368//273 364//273
f 367//273 364//273 363//273
f 361//274 364//274 368//274
f 361//274 368//274 365//274
f 361//275 362//275 363//275
f 361//275 363//275 364//275
f 368//276 367//276 366//276
f 368//276 366//276 365//276
o Cube.923_Cube.004
v 0.163770 0.891055 0.199099
v 0.357910 0.686589 0.112030
v 0.274227 0.726432 -0.168125
v 0.080087 0.930898 -0.081057
v -0.042104 0.682048 0.230870
v 0.152036 0.477582 0.143801
v 0.068353 0.517425 -0.136355
v -0.125787 0.721891 -0.049286
vn 0.283586 -0.135020 0.949394
vn 0.657903 -0.692895 -0.295059
vn -0.283586 0.135020 -0.949394
vn -0.657903 0.692895 0.295058
vn 0.697669 0.708284 -0.107665
vn -0.697670 -0.708284 0.107665
usemtl Red
s off
f 370//277 369//277 373//277
f 370//277 373//277 374//277
f 374//278 375//278 371//278
f 374//278 371//278 370//278
f 375//279 376//279 372//279
f 375//279 372//279 371//279
f 369//280 372//280 376//280
f 369//280 376//280 373//280
f 369//281 370//281 371//281
f 369//281 371//281 372//281
f 376//282 375//282 374//282
f 376//282 374//282 373//282
o Cube.922_Cube.004
v -0.102830 0.977102 -0.185564
v -0.388339 0.902838 -0.192436
v -0.370388 0.808022 0.086428
v -0.084880 0.882286 0.093300
v -0.030442 0.707709 -0.281819
v -0.315951 0.633445 -0.288691
v -0.298000 0.538630 -0.009827
v -0.012491 0.612893 -0.002955
vn -0.060831 0.321313 -0.945017
vn -0.967534 -0.251664 -0.023287
vn 0.060831 -0.321313 0.945017
vn 0.967534 0.251664 0.023287
vn -0.245310 0.912920 0.326190
vn 0.245310 -0.912920 -0.326190
usemtl Red
s off
f 378//283 377//283 381//283
f 378//283 381//283 382//283
f 382//284 383//284 379//284
f 382//284 379//284 378//284
f 383//285 384//285 380//285
f 383//285 380//285 379//285
f 377//286 380//286 384//286
f 377//286 384//286 381//286
f 377//287 378//287 379//287
f 377//287 379//287 380//287
f 384//288 383//288 382//288
f 384//288 382//288 381//288
o Cube.921_Cube.004
v -0.177282 0.723931 0.311799
v -0.237241 0.772760 0.027021
v 0.048761 0.741465 -0.038561
v 0.108720 0.692636 0.246216
v -0.136229 1.013264 0.352766
v -0.196187 1.062094 0.067988
v 0.089815 1.030799 0.002406
v 0.149773 0.981970 0.287183
vn -0.969206 0.106052 0.222247
vn -0.203189 0.165473 -0.965056
vn 0.969206 -0.106052 -0.222247
vn 0.203189 -0.165473 0.965056
vn -0.139122 -0.980496 -0.138829
vn 0.139122 0.980496 0.138829
usemtl Red
s off
f 386//289 385//289 389//289
f 386//289 389//289 390//289
f 390//290 391//290 387//290
f 390//290 387//290 386//290
f 391//291 392//291 388//291
f 391//291 388//291 387//291
f 385//292 388//292 392//292
f 385//292 392//292 389//292
f 385//293 386//293 387//293
f 385//293 387//293 388//293
f 392//294 391//294 390//294
f 392//294 390//294 389//294
o Cube.920_Cube.004
v -0.255082 0.424913 0.129224
v 0.033121 0.471774 0.086556
v -0.008303 0.761418 0.124871
v -0.296506 0.714557 0.167539
v -0.303047 0.456344 -0.160239
v -0.014844 0.503205 -0.202907
v -0.056268 0.792849 -0.164592
v -0.344471 0.745988 -0.121924
vn 0.140376 -0.981548 -0.129841
vn 0.976665 0.158805 -0.144594
vn -0.140376 0.981548 0.129841
vn -0.976665 -0.158805 0.144594
vn 0.162545 -0.106514 0.980935
vn -0.162545 0.106514 -0.980935
usemtl Red
s off
f 394//295 393//295 397//295
f 394//295 397//295 398//295
f 398//296 399//296 395//296
f 398//296 395//296 394//296
f 399//297 400//297 396//297
f 399//297 396//297 395//297
f 393//298 396//298 400//298
f 393//298 400//298 397//298
f 393//299 394//299 395//299
f 393//299 395//299 396//299
f 400//300 399//300 398//300
f 400//300 398//300 397//300
o Cube.919_Cube.004
v -0.126251 0.814753 -0.018130
v -0.095624 0.734715 0.264241
v 0.197195 0.723783 0.229382
v 0.166567 0.803821 -0.052989
v -0.146167 0.530936 -0.096417
v -0.115540 0.450898 0.185954
v 0.177279 0.439966 0.151095
v 0.146652 0.520004 -0.131276
vn -0.992307 0.037046 0.118131
vn 0.103790 -0.271232 0.956902
